[-0.12324459 -0.1426391  -0.09836265  0.55862468 -0.30061941 -0.30061941
 -0.27201806  0.18483579 -0.00946014 -0.1922234  -0.00886648  0.12078631
 -0.17974982 -0.30061937 -0.29843744 -0.300619  ]
[-0.20112127 -0.24948087 -0.18834118  0.60698864 -0.24369656 -0.24369656
 -0.22008304  0.02475292 -0.03777003 -0.27261517  0.21074201  0.11323555
 -0.12400392 -0.24370775 -0.24162685 -0.24380851]
[0.0625 0.0625 0.0625 0.0625 0.0625 0.0625 0.0625 0.0625 0.0625 0.0625
 0.0625 0.0625 0.0625 0.0625 0.0625 0.0625]
[0.0625 0.0625 0.0625 0.0625 0.0625 0.0625 0.0625 0.0625 0.0625 0.0625
 0.0625 0.0625 0.0625 0.0625 0.0625 0.0625]
[0.0625 0.0625 0.0625 0.0625 0.0625 0.0625 0.0625 0.0625 0.0625 0.0625
 0.0625 0.0625 0.0625 0.0625 0.0625 0.0625]
[0.0625 0.0625 0.0625 0.0625 0.0625 0.0625 0.0625 0.0625 0.0625 0.0625
 0.0625 0.0625 0.0625 0.0625 0.0625 0.0625]
[0.0625 0.0625 0.0625 0.0625 0.0625 0.0625 0.0625 0.0625 0.0625 0.0625
 0.0625 0.0625 0.0625 0.0625 0.0625 0.0625]
[0.0625 0.0625 0.0625 0.0625 0.0625 0.0625 0.0625 0.0625 0.0625 0.0625
 0.0625 0.0625 0.0625 0.0625 0.0625 0.0625]
[0.0625 0.0625 0.0625 0.0625 0.0625 0.0625 0.0625 0.0625 0.0625 0.0625
 0.0625 0.0625 0.0625 0.0625 0.0625 0.0625]
[0.0625 0.0625 0.0625 0.0625 0.0625 0.0625 0.0625 0.0625 0.0625 0.0625
 0.0625 0.0625 0.0625 0.0625 0.0625 0.0625]
